I
1130 Generated by WorldEditor 2.2.0r2

1    150 1 0 PANC Ted Stevens Anchorage Intl
1302 gui_label 3D
1302 flatten 1
100 60.96 15 0 0.00 1 3 0 07R  61.16780753 -150.04288798    0    0 3 2 1 0 25L  61.16787867 -149.97265000    0    0 3 0 0 0
100 46.02 15 0 0.00 1 3 0 07L  61.16976300 -150.00833100    0    0 3 8 1 0 25R  61.16980900 -149.94830300    0    0 3 0 0 0
100 46.02 15 0 0.00 1 3 0 15  61.19999400 -150.01467800   61    0 3 11 0 0 33  61.16940000 -149.99755600  271    0 3 0 0 1
102 H1  61.16622880 -149.97033540   0.00 22.90 22.90 15 0 0 0.00 1
110 1 0.00 0.0000 New Taxiway 32
111  61.16759991 -149.98688509
111  61.16743871 -149.98657969
111  61.16641093 -149.98584619
111  61.16637250 -149.99164887
111  61.16634296 -149.99189609
111  61.16627648 -149.99216083
111  61.16614881 -149.99237305
111  61.16600214 -149.99246712
111  61.16583121 -149.99247369
111  61.16073366 -149.99088092
111  61.16070655 -149.99024745
111  61.16219284 -149.99069505
111  61.16229346 -149.99012255
111  61.16216431 -149.99003330
111  61.16209720 -149.99035356
111  61.16176419 -149.99025905
111  61.16243401 -149.98651303
111  61.16354827 -149.98733206
111  61.16299494 -149.99040610
111  61.16249859 -149.99009896
111  61.16239476 -149.99073686
111  61.16295745 -149.99092157
111  61.16324361 -149.98938058
111  61.16404385 -149.98960109
111  61.16394636 -149.99085856
111  61.16334744 -149.99066167
111  61.16328920 -149.99103445
111  61.16477459 -149.99147875
111  61.16511112 -149.99150194
111  61.16526427 -149.99142446
111  61.16602008 -149.99012910
111  61.16607724 -149.98909534
111  61.16608812 -149.98667741
111  61.16600607 -149.98551489
111  61.16553352 -149.98515259
111  61.16547882 -149.98546763
111  61.16578727 -149.98572597
111  61.16536638 -149.98820221
111  61.16529041 -149.98825261
111  61.16218924 -149.98595441
111  61.16243473 -149.98455497
111  61.16218528 -149.98437115
111  61.16194445 -149.98575186
111  61.15989696 -149.98422159
111  61.15985290 -149.98396959
111  61.16031937 -149.98156354
111  61.16083598 -149.98202292
111  61.16092967 -149.98146905
111  61.16035183 -149.98101258
111  61.16019837 -149.98177486
111  61.15987777 -149.98177801
111  61.15987321 -149.98031015
111  61.16035639 -149.98031015
111  61.16049466 -149.98041095
111  61.16046579 -149.98071335
111  61.16102438 -149.98112357
111  61.16113781 -149.98063138
111  61.16056539 -149.98017237
111  61.16086515 -149.97843510
111  61.16096631 -149.97834186
111  61.16553403 -149.98177038
111  61.16572786 -149.98246447
111  61.16561087 -149.98307881
111  61.16585246 -149.98348207
111  61.16588740 -149.98386644
111  61.16618673 -149.98338126
111  61.16640857 -149.98323633
111  61.16668055 -149.98325838
111  61.16744216 -149.98381657
113  61.16760291 -149.98363937
111  61.16731315 -149.98569294
111  61.16741972 -149.98568419
111  61.16748830 -149.98552665
111  61.16748936 -149.98444362
111  61.16704091 -149.98408261
111  61.16648590 -149.98400165
113  61.16632234 -149.98491838
111  61.16536988 -149.98502216
111  61.16533104 -149.98480034
111  61.16496467 -149.98451015
111  61.16486721 -149.98456788
111  61.16480199 -149.98492644
113  61.16531566 -149.98531994
111  61.16553539 -149.98406960
111  61.16547189 -149.98386449
111  61.16446874 -149.98316822
111  61.16439393 -149.98326106
111  61.16436493 -149.98342987
111  61.16436544 -149.98355542
111  61.16441938 -149.98369997
111  61.16537873 -149.98442620
111  61.16546578 -149.98438974
113  61.16551766 -149.98423841
111  61.16466679 -149.98470556
111  61.16470724 -149.98445032
111  61.16467910 -149.98429353
111  61.16409261 -149.98385598
111  61.16401171 -149.98391249
111  61.16396071 -149.98416955
111  61.16398357 -149.98433364
113  61.16459821 -149.98481494
111  61.16353833 -149.98385626
111  61.16358230 -149.98358736
111  61.16353174 -149.98341872
111  61.16294627 -149.98300550
111  61.16285907 -149.98308450
111  61.16279752 -149.98345063
113  61.16345114 -149.98393678
111  61.16243514 -149.98268114
111  61.16235414 -149.98253960
111  61.16125086 -149.98170888
111  61.16114034 -149.98182028
111  61.16107867 -149.98218108
113  61.16236437 -149.98312197
111  61.16126922 -149.98119828
111  61.16135862 -149.98139425
112  61.16201934 -149.98187706  61.16201812 -149.98187959
111  61.16207552 -149.98182642
111  61.16214086 -149.98139979
111  61.16140399 -149.98085259
113  61.16127820 -149.98091842
111  61.16231631 -149.98154044
111  61.16225525 -149.98195315
111  61.16229738 -149.98209114
111  61.16249034 -149.98222787
111  61.16256179 -149.98217090
113  61.16261796 -149.98179743
111  61.16281510 -149.98193657
111  61.16275812 -149.98214920
111  61.16274293 -149.98232509
111  61.16279990 -149.98249047
111  61.16388062 -149.98328422
111  61.16396503 -149.98330974
111  61.16403802 -149.98321859
111  61.16408550 -149.98288496
113  61.16298004 -149.98199948
111  61.16546346 -149.98186708
111  61.16537792 -149.98219489
111  61.16541285 -149.98226361
113  61.16552930 -149.98209181
111  61.16152658 -149.97947574
111  61.16148094 -149.97943456
111  61.16147289 -149.97951915
113  61.16151584 -149.97956145
111  61.16164363 -149.97886464
111  61.16159423 -149.97882568
111  61.16157383 -149.97891696
113  61.16162161 -149.97896037
111  61.16186161 -149.97947129
111  61.16187611 -149.97939448
111  61.16162537 -149.97920971
113  61.16161356 -149.97927649
110 1 0.00 0.0000 New Taxiway 31
111  61.16761153 -149.97427781
111  61.16745331 -149.97384567
111  61.16716929 -149.97378003
111  61.16567924 -149.97547522
111  61.16567222 -149.97891886
111  61.16338580 -149.97892472
111  61.16324950 -149.97871142
111  61.16325390 -149.97847260
111  61.16292694 -149.97846128
111  61.16293131 -149.97516795
111  61.16324201 -149.97514981
111  61.16333828 -149.97482320
111  61.16577221 -149.97481400
111  61.16583816 -149.97456483
111  61.16582883 -149.97325336
111  61.16564802 -149.97324391
111  61.16568349 -149.97075356
111  61.16598766 -149.97075473
111  61.16599030 -149.96979572
111  61.16637983 -149.96981577
111  61.16637031 -149.97366615
111  61.16621716 -149.97381960
111  61.16621936 -149.97411892
111  61.16626845 -149.97421312
111  61.16706121 -149.97330892
111  61.16701056 -149.97311200
111  61.16746955 -149.97259783
113  61.16761306 -149.97261753
110 1 0.00 0.0000 New Taxiway 30
111  61.16814263 -149.97171419
111  61.16959715 -149.96445306
111  61.16959335 -149.96946782
111  61.16930715 -149.96947240
113  61.16814496 -149.97531254
110 1 0.00 0.0000 New Taxiway 29
111  61.16813356 -149.98174972
111  61.16844535 -149.98182158
111  61.16939165 -149.97825614
111  61.16958782 -149.97675885
111  61.16958439 -149.98129223
111  61.16921479 -149.98122800
111  61.16876625 -149.98281601
111  61.16851099 -149.98405994
111  61.16851099 -149.98451743
111  61.16958136 -149.98528114
111  61.16958032 -149.98664609
111  61.16844397 -149.98562702
111  61.16832157 -149.98570141
113  61.16813059 -149.98737307
110 1 0.00 0.0000 New Taxiway 28
111  61.16957017 -150.00003478
111  61.16926810 -149.99908327
111  61.16919061 -149.99833968
111  61.16919586 -149.99442815
111  61.16862885 -149.99589034
111  61.16834529 -149.99721968
111  61.16811511 -149.99896190
111  61.16811639 -149.99455487
111  61.16821135 -149.99480868
111  61.16835275 -149.99488526
111  61.16849519 -149.99480430
111  61.16870306 -149.99414571
111  61.16844666 -149.99400130
111  61.16830948 -149.99401880
111  61.16811744 -149.99433606
111  61.16812382 -149.99230561
111  61.16827132 -149.99272706
111  61.16896425 -149.99312667
111  61.16908786 -149.99307522
113  61.16957587 -149.99252116
110 1 0.00 0.0000 New Taxiway 27
111  61.16956373 -150.00849148
111  61.16848641 -150.00848708
111  61.16825594 -150.00869951
111  61.16810927 -150.00933404
111  61.16811173 -150.00695094
111  61.16824777 -150.00749137
111  61.16845618 -150.00774874
111  61.16920121 -150.00775453
111  61.16941395 -150.00719992
113  61.16956186 -150.00656713
110 1 0.00 0.0000 New Taxiway 2
111  61.17093917 -149.99931494
111  61.16956692 -149.99854642
111  61.16957115 -149.99674594
113  61.17095400 -149.99752761
110 1 0.00 0.0000 New Taxiway 2
111  61.19818937 -150.01323735
111  61.19840280 -150.01307494
111  61.19868305 -150.01102192
111  61.19569130 -150.00933217
111  61.19540716 -150.01168367
111  61.19483167 -150.01136231
111  61.19516975 -150.00903759
111  61.19136529 -150.00688882
111  61.19105910 -150.00925558
111  61.19048977 -150.00893765
111  61.19082150 -150.00658168
111  61.18702745 -150.00443878
111  61.18672388 -150.00683466
111  61.18617257 -150.00652679
111  61.18649350 -150.00413721
111  61.17832038 -149.99952099
111  61.17816743 -149.99993910
111  61.17890322 -150.00157605
111  61.18018544 -150.00318339
111  61.17765111 -150.00176814
111  61.17780939 -150.00063628
111  61.17691082 -149.99872487
111  61.17314488 -149.99659784
111  61.17307573 -149.99921309
111  61.17094838 -149.99802511
111  61.17094351 -149.99536264
111  61.16997173 -149.99479852
111  61.16997403 -149.99130078
111  61.17026835 -149.99159475
111  61.17093444 -149.99039189
111  61.17092921 -149.98752797
111  61.16997702 -149.98675435
111  61.16997787 -149.98544759
111  61.17092648 -149.98603539
111  61.17091283 -149.97855982
111  61.16998240 -149.97855447
111  61.16998317 -149.97738928
111  61.17091092 -149.97751444
111  61.17090637 -149.97502075
111  61.17101139 -149.97226564
111  61.17100832 -149.96875572
111  61.16998886 -149.96875141
111  61.16998974 -149.96739473
111  61.17100708 -149.96745814
111  61.17100066 -149.95962588
111  61.16999540 -149.95957116
111  61.16999556 -149.95853173
111  61.17099911 -149.95855816
111  61.17099049 -149.94892942
111  61.17048543 -149.94884245
111  61.17032315 -149.94897857
111  61.17000101 -149.95023013
111  61.17000224 -149.94835470
111  61.17017911 -149.94835848
111  61.17018458 -149.94672504
111  61.17147549 -149.94674775
111  61.17203343 -149.94568898
111  61.17202249 -149.94323487
111  61.17245644 -149.94345040
111  61.17344469 -149.94506884
111  61.17299797 -149.94588939
111  61.17301438 -149.94757211
111  61.17267524 -149.94757589
111  61.17264972 -149.95009050
111  61.17196050 -149.95007916
111  61.17196962 -149.94964809
111  61.17142991 -149.94959894
111  61.17142905 -149.95100939
111  61.17357414 -149.95121357
111  61.17354497 -149.95359965
111  61.17202067 -149.95362990
111  61.17202796 -149.95340302
111  61.17142763 -149.95336897
111  61.17142597 -149.95609910
111  61.17287399 -149.95618985
111  61.17287946 -149.95671924
111  61.17142561 -149.95669656
111  61.17142509 -149.95755434
111  61.17322548 -149.95775824
111  61.17323730 -149.96044983
111  61.17332999 -149.96047819
111  61.17328951 -149.96759470
111  61.17141901 -149.96759465
111  61.17141829 -149.96878165
111  61.17363195 -149.96880580
111  61.17363079 -149.97068469
111  61.17283623 -149.97069837
111  61.17282970 -149.97409920
111  61.17334583 -149.97515602
111  61.17335890 -149.97606383
111  61.17328703 -149.97618578
111  61.17310410 -149.97664645
111  61.17298650 -149.97747294
111  61.17300610 -149.97835363
111  61.17286890 -149.97889560
111  61.17269250 -149.97894979
111  61.17266636 -149.97954595
111  61.17279050 -149.98044019
111  61.17301916 -149.98129379
111  61.17307143 -149.98240481
111  61.17262063 -149.98404426
111  61.17243117 -149.98430169
111  61.17243117 -149.98474881
111  61.17262717 -149.98499269
111  61.17282970 -149.98473525
111  61.17283623 -149.98423392
111  61.17323476 -149.98294670
111  61.17373783 -149.98323124
111  61.17375743 -149.98306865
111  61.17626190 -149.98443087
111  61.17629866 -149.98421302
111  61.17745655 -149.98410950
111  61.17793966 -149.98452884
111  61.17786089 -149.98513336
111  61.17835713 -149.98550913
111  61.17829674 -149.98590125
111  61.17852119 -149.98605141
111  61.17862777 -149.98545607
111  61.18005041 -149.98648608
111  61.18010663 -149.98722992
111  61.17986808 -149.98861043
111  61.17981186 -149.98863250
111  61.17928613 -149.99164882
111  61.17941377 -149.99269207
111  61.17992582 -149.99316485
111  61.18026769 -149.99321214
111  61.18048704 -149.99193446
111  61.18053895 -149.99160195
111  61.18057762 -149.99103404
111  61.18055151 -149.99031042
111  61.18034730 -149.98794648
111  61.18048223 -149.98804860
111  61.18068461 -149.99027638
111  61.18071743 -149.99107067
111  61.18066638 -149.99184983
111  61.17971461 -149.99719795
111  61.17946663 -149.99911930
111  61.18503584 -150.00219596
111  61.18573163 -149.99663961
111  61.18733849 -149.99756568
111  61.18807103 -149.99220507
111  61.18857777 -149.99249925
111  61.18782128 -149.99814032
111  61.18804920 -149.99827694
111  61.18814163 -149.99763326
111  61.18822013 -149.99769369
111  61.18825718 -149.99736541
111  61.18882779 -149.99768991
111  61.18877765 -149.99812185
111  61.18967564 -149.99866728
111  61.18973490 -149.99820697
111  61.19078468 -149.99885065
111  61.19160299 -149.99243968
111  61.19228564 -149.99279383
111  61.19214780 -149.99391531
111  61.19249569 -149.99417410
111  61.19277356 -149.99215355
111  61.19366189 -149.99265301
111  61.19370346 -149.99222620
111  61.19437955 -149.99258036
111  61.19415637 -149.99440567
111  61.19527444 -149.99510037
111  61.19489373 -149.99804273
111  61.19432266 -149.99775667
111  61.19418919 -149.99873287
111  61.19257227 -149.99780206
111  61.19229439 -149.99900983
111  61.19182397 -150.00258769
111  61.19218062 -150.00282833
111  61.19242567 -150.00105757
111  61.19438393 -150.00212914
111  61.19381067 -150.00646085
111  61.19180465 -150.00534490
111  61.19190602 -150.00447562
111  61.19168579 -150.00431878
111  61.19148540 -150.00584868
111  61.19527482 -150.00794422
111  61.19535673 -150.00712035
111  61.19436741 -150.00651225
111  61.19497550 -150.00166047
111  61.19614756 -150.00231436
111  61.19627044 -150.00136622
111  61.19524016 -150.00070579
111  61.19558989 -149.99810327
111  61.19662332 -149.99861985
111  61.19678716 -149.99747553
111  61.19654455 -149.99735783
111  61.19645948 -149.99799865
111  61.19570331 -149.99756054
111  61.19595222 -149.99562500
111  61.19669894 -149.99599772
111  61.19662647 -149.99657315
111  61.19686908 -149.99676278
111  61.19696990 -149.99601734
111  61.19718100 -149.99614158
111  61.19711798 -149.99657969
111  61.19738579 -149.99674970
111  61.19743305 -149.99646853
111  61.19780799 -149.99674316
111  61.19735744 -150.00016959
111  61.19669579 -149.99979687
111  61.19615701 -150.00392947
112  61.19671902 -150.00427274  61.19699983 -150.00444438
112  61.19727724 -150.00461305  61.19727986 -150.00460731
111  61.19727724 -150.00461305
112  61.19727724 -150.00461305  61.19727566 -150.00461305
112  61.19732317 -150.00428252  61.19734641 -150.00411578
111  61.19737004 -150.00394903
111  61.19861912 -150.00468885
111  61.19868039 -150.00609666
111  61.19820340 -150.00963886
111  61.19953808 -150.01040632
111  61.19984659 -150.01142814
113  61.19951402 -150.01397708
111  61.19594207 -150.00780691
111  61.19588762 -150.00833421
111  61.19775234 -150.00936996
113  61.19781586 -150.00884267
111  61.19735003 -149.99712399
111  61.19706766 -149.99695842
111  61.19674478 -149.99941035
113  61.19701702 -149.99957066
111  61.19090905 -150.00241081
111  61.19067809 -150.00416386
111  61.18758085 -150.00240099
111  61.18723792 -150.00296803
111  61.18719466 -150.00339933
111  61.19089838 -150.00550667
111  61.19121594 -150.00403108
113  61.19137244 -150.00265638
111  61.19203323 -149.99781956
111  61.19177471 -149.99767504
111  61.19138536 -150.00066391
113  61.19164493 -150.00082594
111  61.18572653 -150.00201079
111  61.18566322 -150.00253621
111  61.18657741 -150.00306427
113  61.18666098 -150.00251783
111  61.17262856 -149.99641328
111  61.17162646 -149.99590508
111  61.17150393 -149.99690788
111  61.17166147 -149.99805587
113  61.17258699 -149.99853687
111  61.17093747 -149.99205155
111  61.17013308 -149.99334439
111  61.17026071 -149.99381325
113  61.17094134 -149.99417253
111  61.17150497 -149.99462232
111  61.17203930 -149.99494531
111  61.17249134 -149.99508712
111  61.17260403 -149.99413127
111  61.17261796 -149.99209615
111  61.17159993 -149.99157624
113  61.17151130 -149.99274476
111  61.17274863 -149.99091817
111  61.17309202 -149.98898337
111  61.17250400 -149.98851700
113  61.17177619 -149.99037932
111  61.17629977 -149.99729988
111  61.17642935 -149.99659737
111  61.17650997 -149.99539848
111  61.17603514 -149.99457908
111  61.17385085 -149.99290977
111  61.17331905 -149.99278897
111  61.17315824 -149.99378950
113  61.17315530 -149.99556155
111  61.17165483 -149.98944038
111  61.17210813 -149.98831387
111  61.17214991 -149.98787797
111  61.17152314 -149.98757074
111  61.17134207 -149.98783858
111  61.17133828 -149.98890207
113  61.17143831 -149.98985002
111  61.17934252 -149.99846076
111  61.17924832 -149.99838511
111  61.17929846 -149.99800059
111  61.17758309 -149.99703406
111  61.17740193 -149.99719199
111  61.17731266 -149.99787820
113  61.17927135 -149.99898375
111  61.17186477 -149.97130692
111  61.17256371 -149.97130377
111  61.17265184 -149.97091934
111  61.17204406 -149.97088783
111  61.17203495 -149.96930282
111  61.17141796 -149.96932473
111  61.17141623 -149.97218078
113  61.17186477 -149.97219553
111  61.17186191 -149.96296807
111  61.17142182 -149.96296045
111  61.17142118 -149.96401162
113  61.17186092 -149.96403817
111  61.17186491 -149.95971235
111  61.17142381 -149.95967460
111  61.17142220 -149.96232905
113  61.17186248 -149.96235172
111  61.17199950 -149.96235928
111  61.17199767 -149.96051779
111  61.17276712 -149.96052157
111  61.17284734 -149.96035141
111  61.17200496 -149.96029469
111  61.17200132 -149.95972750
111  61.17192656 -149.95971993
113  61.17192656 -149.96235171
111  61.17199950 -149.95805238
111  61.17193021 -149.95805238
111  61.17192109 -149.95913761
113  61.17199767 -149.95914518
111  61.17186639 -149.95810154
111  61.17142478 -149.95807138
111  61.17142415 -149.95910368
113  61.17186543 -149.95914140
111  61.17202878 -149.95202372
111  61.17187835 -149.95157942
111  61.17142872 -149.95156368
111  61.17142798 -149.95278630
113  61.17202422 -149.95278944
110 1 0.00 0.0000 New Taxiway 1
111  61.19526673 -150.01244185
111  61.19502961 -150.01424431
111  61.19470538 -150.01493576
111  61.19424193 -150.01501586
111  61.17149176 -150.00227441
111  61.17143001 -150.03642741
111  61.17038650 -150.03645877
111  61.17034491 -150.03549443
111  61.16882878 -150.03545523
111  61.16807261 -150.03490644
111  61.16807613 -150.03267236
111  61.16845368 -150.03386663
111  61.16894267 -150.03440046
111  61.16982200 -150.03444289
111  61.17094017 -150.03178386
111  61.17096659 -150.01016771
111  61.17070775 -150.01015997
111  61.16996304 -150.00802794
111  61.16996400 -150.00656875
111  61.17033934 -150.00757492
111  61.17096188 -150.00761013
111  61.17097746 -150.00198964
111  61.16996727 -150.00158806
111  61.16996808 -150.00035210
111  61.17091700 -150.00078589
111  61.17093146 -149.99881813
111  61.17150710 -149.99914039
111  61.17150150 -150.00113673
111  61.17264260 -150.00182876
111  61.17275864 -149.99984104
111  61.17320960 -150.00009351
111  61.17308567 -150.00219556
111  61.17428914 -150.00276174
111  61.17615103 -150.00174022
111  61.17724912 -150.00235497
111  61.17590896 -150.00292615
111  61.17583056 -150.00368628
111  61.18587016 -150.00923642
111  61.18612732 -150.00732529
111  61.18660382 -150.00759205
111  61.18634815 -150.00956483
111  61.19016024 -150.01165960
111  61.19038563 -150.00970924
111  61.19094167 -150.01002053
111  61.19070622 -150.01196440
111  61.19452575 -150.01402801
113  61.19474646 -150.01215058
130 airport boundary
111  61.20201266 -150.01105275
111  61.20282368 -150.01572280
111  61.20280241 -150.01663502
111  61.20234161 -150.01800334
111  61.20037786 -150.01694399
111  61.19890327 -150.01775321
111  61.18258522 -150.01201229
111  61.18065946 -150.01201229
111  61.17627341 -150.00960658
111  61.17559651 -150.01587055
111  61.17202655 -150.01360154
111  61.17205930 -150.04380524
111  61.16979269 -150.04405671
111  61.16848825 -150.04633491
111  61.16709874 -150.04623201
111  61.16721358 -149.98744831
111  61.16666062 -149.98702206
111  61.16661099 -149.99265138
111  61.16595877 -149.99313642
111  61.16344914 -149.99246020
111  61.16323646 -149.99484108
111  61.16065594 -149.99406184
111  61.15910053 -149.98734879
111  61.15895251 -149.96682804
111  61.16671109 -149.96716663
111  61.16657838 -149.96263799
111  61.16750737 -149.95605595
111  61.16839552 -149.95228873
111  61.16843962 -149.94327878
111  61.17327322 -149.94211496
111  61.18028894 -149.93948311
111  61.19103205 -149.96765135
111  61.18926799 -149.98495923
111  61.19840581 -149.99125340
111  61.19945275 -150.00155986
113  61.19875516 -150.00897562
21  61.16727240 -150.03510598 3 89.8800 3.00 07R PAPI
21  61.16733456 -149.98004030 2 269.8800 3.00 25L PAPI
21  61.16938531 -149.95449060 1 269.9100 3.00 25R PAPI
21  61.16923523 -150.00113075 3 89.9100 3.00 07L PAPI
21  61.17509287 -150.00186812 2 344.8800 3.00 33  PAPI-4L
21  61.19580033 -150.01120507 2 164.8800 3.20 15  PAPI-4L
20  61.17255116 -149.99249499 88.8200 0 2 {@Y}G1{^r,@@,@L}L
20  61.17343357 -149.99028237 71.7200 0 2 {@L}L{@Y,^l}E{^r,@@,@L}L
20  61.17166332 -150.00267604 89.7800 0 2 {@L}K{@Y,^l}Y{^r,@@}7R_7L{^u,@L}K
20  61.17154679 -150.00922247 90.6300 0 2 {@L}K{@Y}H{^r,@@,@L}K
20  61.19980476 -150.01293876 259.6900 0 2 {@R}15{@L}Q{@@}Q
20  61.19849352 -150.01220203 255.3100 0 2 {@L}Q{@R}15{@@,@L}Q
20  61.19823474 -150.01289243 343.2000 0 2 {@Y}Q{^r}
20  61.19774803 -150.00895159 254.8900 0 2 {@Y,^l}R{^r}
20  61.19564356 -150.01304350 164.2900 0 2 {@Y}S{^r}
20  61.19453309 -150.01082606 351.7900 0 2 {@Y}S{^r}
20  61.19582702 -150.01160454 164.7900 0 2 {@Y,^l}S
20  61.19434101 -150.01230906 344.2000 0 2 {@Y,^l}S
20  61.19527570 -150.01368387 72.8400 0 2 {@L}S{@R}15-33{@@,@L}S
20  61.19489396 -150.01018726 255.5800 0 2 {@L}S{@R}33-15{@@,@L}S
20  61.19633191 -150.00851128 162.7500 0 2 {@Y,^l}S{^r,@L}R{@@}R
20  61.19497098 -150.00921858 332.9000 0 2 {@L}R{@Y,^l}S{^r,@@,@L}R
20  61.19534348 -150.00770331 249.1800 0 2 {@L}S{@Y,^l}R{^r,@@,@L}S
20  61.19579258 -150.00976737 63.5000 0 2 {@L}S{@Y,^l}R{^r}
20  61.19029917 -150.01287894 256.4000 0 2 {@Y,^l}Y{^r}
20  61.19090730 -150.01171980 161.7600 0 2 {@Y,^l}T{@L}Y{@@}Y
20  61.19148122 -150.00910764 164.9900 0 2 {@Y,^l}T
20  61.18999149 -150.00987104 345.6400 0 2 {@Y,^l}T
20  61.19092574 -150.01123503 76.7200 0 2 {@L}T{@R}15-33{@@,@L}T
20  61.19054180 -150.00774576 254.6200 0 2 {@L}T{@R}33-15{@@,@L}T
20  61.19018229 -150.00838142 340.8100 0 2 {@Y}T{^r}
20  61.18988487 -150.01266229 344.6900 0 2 {@L}Y{@Y}T{^r,@@,@L}Y
20  61.19128695 -150.01060757 163.4100 0 2 {@Y}T{^r}
20  61.19095520 -150.00513728 259.0500 0 2 {@L}T{@Y,^l}R{^r,@@,@L}T
20  61.19145824 -150.00726704 75.7900 0 2 {@L}T{@Y,^l}R{^r}
20  61.19061892 -150.00678639 338.0300 0 2 {@L}R{@Y,^l}T{^r,@@,@L}R
20  61.19234622 -150.00626823 164.0300 0 2 {@L}R{@Y,^l}T{^r,@@,@L}R
20  61.18620934 -150.00532063 254.4600 0 2 {@L}U{@R}33-15{@@,@L}U
20  61.18659771 -150.00881378 70.3600 0 2 {@L}U{@R}15-33{@@,@L}U
20  61.18564321 -150.01028313 344.0700 0 2 {@L}Y{@Y}U{^r,@@,@L}Y
20  61.18585352 -150.00596203 345.8200 0 2 {@Y}U{^r}
20  61.18695708 -150.00817589 164.0000 0 2 {@Y}U{^r}
20  61.18596145 -150.01044550 256.9500 0 2 {@Y,^l}Y{^r}
20  61.18715147 -150.00668018 165.6300 0 2 {@Y,^l}U
20  61.18565702 -150.00744858 341.7700 0 2 {@Y,^l}U
20  61.18657670 -150.00930205 164.5200 0 2 {@Y,^l}U{@L}Y{@@}Y
20  61.18711509 -150.00487318 67.6400 0 2 {@L}U{@Y,^l}R{^r}
20  61.18661518 -150.00268695 257.2500 0 2 {@L}U{@Y,^l}R{^r,@@,@L}U
20  61.18628841 -150.00435749 335.9700 0 2 {@L}R{@Y,^l}U{^r,@@,@L}R
20  61.18801494 -150.00384992 162.7800 0 2 {@L}R{@Y,^l}U{^r,@@,@L}R
20  61.18521151 -150.00353372 254.3700 0 2 {@Y,^l}33{@L}P{@Y}15{^r}
20  61.17166257 -149.99626221 82.4800 0 2 {@L}K{@Y,^l}R{^r,@@,@L}K
20  61.17257480 -149.99345459 269.0600 0 2 {@L}L{@Y,^l}R{^r,@@,@L}L
20  61.17630758 -149.99693977 253.6500 0 2 {@L}M{@Y,^l}R{^r,@@,@L}M
20  61.17921054 -149.99886572 251.7400 0 2 {@L}P{@Y,^l}R{^r,@@,@L}P
20  61.17090469 -149.99289486 268.6500 0 2 {@Y,^l}R{^r,@L}K{@@}K
20  61.18585657 -150.00242973 162.4900 0 2 {@Y,^l}P
20  61.18469556 -150.00325732 345.1800 0 2 {@L}R{@Y}P{^r,@@,@L}R
20  61.17922108 -150.00017361 257.4600 0 2 {@Y,^l}33{@L}V{@Y}15{^r}
20  61.17911959 -149.99888698 343.1200 0 2 {@Y}V{^r}
20  61.17963714 -149.99910315 164.6200 0 2 {@Y,^l}V
20  61.18008777 -150.00272692 164.8300 0 2 {@Y,^lu}M
20  61.17939150 -150.00394575 165.9000 0 2 {@Y}W{^ru}
20  61.17763813 -150.00136294 344.6700 0 2 {@Y}M{^rd}
20  61.17778102 -150.00096174 307.4600 0 2 {@L}M{@R}33-15{@@,@L}M
20  61.17496753 -150.00230206 70.5400 0 2 {@R}15-33{@L}W{@@}W
20  61.17644408 -149.99862411 255.2700 0 2 {@Y,^l}33{@L}M{@Y}15{^r}
20  61.17825604 -149.99998421 135.0700 0 2 {@Y,^ld}R{^ru,@L}M{@@}M
20  61.17770848 -149.99808240 165.5700 0 2 {@L}R{@Y,^l}M{@@,@L}R
20  61.17546121 -149.99809661 342.6900 0 2 {@L}R{@Y,^lu}M{^r,@@,@L}R
20  61.17631922 -150.00309038 184.6500 0 2 {@Y,^lu}Y{^rd}
20  61.17609961 -150.00340852 159.4300 0 2 {@Y,^ld}W{@L}Y{@@}Y
20  61.16826484 -150.03344845 269.6100 0 2 {@Y}J{^r}
20  61.16871789 -150.03413841 161.7500 0 2 {@L}J{@R}25L-7R{@@,@L}J
20  61.17066078 -150.03225264 50.3200 0 2 {@Y}K{^ru}
20  61.17083227 -150.03140777 263.1500 0 2 {@Y,^lu}J
20  61.17055229 -150.01014789 178.0300 0 2 {@R}7L{@L}H{@@}H
20  61.17055307 -150.00739499 178.4600 0 2 {@L}H{@R}7L{@@,@L}H
20  61.16899560 -150.00869787 358.5700 0 2 {@L}H{@R}7L{@@,@L}H
20  61.16828898 -150.00706227 268.8700 0 2 {@Y}H{^r}
20  61.17014872 -150.00675968 270.6100 0 2 {@Y}H{^r}
20  61.16861688 -150.00753683 178.6700 0 2 {@L}H{@R}25L-7R{@@,@L}H
20  61.16939686 -150.00693120 269.8800 0 2 {@Y,^l}H
20  61.16829241 -150.00917776 89.2800 0 2 {@Y,^l}H
20  61.17089635 -150.00703644 269.1200 0 2 {@Y,^l}H{@L}K{@@}K
20  61.17084325 -149.94909489 356.0500 0 2 {@Y,^l}K{@L}A{@@}A
20  61.17083995 -149.95980919 358.4500 0 2 {@Y,^l}K{^r}
20  61.17076137 -149.96889784 357.4200 0 2 {@Y,^l}K{^r}
20  61.17073517 -149.97898454 356.3100 0 2 {@Y,^l}K{^r}
20  61.17063913 -149.98731460 335.6600 0 2 {@Y,^l}K{^r}
20  61.17093519 -149.99213561 38.3200 0 2 {@Y,^l}K{^r}
20  61.17063912 -149.99540213 340.8400 0 2 {@Y,^l}K{^r}
20  61.17081870 -150.00221832 342.7100 0 2 {@Y,^l}K{^r}
20  61.17062337 -150.00039030 165.0900 0 2 {@L}Y{@R}25R-7L{@@,@L}Y
20  61.17063307 -149.99398193 166.7300 0 2 {@L}R{@R}25R-7L{@@,@L}R
20  61.17341008 -149.99899701 166.4000 0 2 {@Y,^l}L
20  61.17227768 -149.99995911 348.0800 0 2 {@Y,^l}L
20  61.17091960 -149.99696249 268.6500 0 2 {@L}K{@R}33{@@,@L}K
20  61.17161315 -150.00023453 84.6500 0 2 {@L}K{@R}33{@@,@L}K
20  61.17220727 -149.99831151 346.9800 0 2 {@Y}L{^r}
20  61.17362464 -150.00072177 163.7400 0 2 {@Y}L{^r}
20  61.17247119 -150.00132497 266.3700 0 2 {@Y,^l}Y{^r}
20  61.17192217 -149.99474816 169.5600 0 2 {@L}R{@Y,^l}K{^r}|33{^r,@@,@L}R
20  61.17185061 -150.00107375 165.1900 0 2 {@Y,^l}K{^r}
20  61.17329406 -150.00186386 156.0400 0 2 {@Y,^l}L{@L}Y{@@}Y
20  61.17166792 -149.99971565 165.7000 0 2 {@Y}K{^r}
20  61.17183976 -149.99819554 167.1100 0 2 {@Y,^l}K
20  61.17257868 -149.99789016 267.3400 0 2 {@L}L{@R}33{@@,@L}L
20  61.17324526 -150.00115043 86.2900 0 2 {@L}L{@R}15-33{@@,@L}L
20  61.17358237 -149.99570231 165.4400 0 2 {@L}R{@Y,^l}L{^r,@@,@L}R
20  61.17229357 -149.99635995 348.7200 0 2 {@L}R{@Y,^l}L{^r,@@,@L}R
20  61.17274725 -149.99038542 249.4800 0 2 {@L}L{@Y,^l}G1{^r,@@,@L}L
20  61.17332391 -149.99336261 82.8600 0 2 {@Y,^l}G1{^r,@L}L{@@}L
20  61.17243067 -149.99209368 339.6500 0 2 {@Y,^l}L{^r,@L}G1{@@}G1
20  61.17083516 -149.98990315 270.1200 0 2 {@Y,^lu}G{@L}K{@Y}G1{^r}
20  61.17164129 -149.99228398 88.0200 0 2 {@Y,^l}G1|{^lu}G{^rd,@L}K{@@}K
20  61.17282794 -149.98883073 336.5300 0 2 {@L}E{@Y,^l}L{@@,@L}E{@Y}G{^ru}
20  61.16941251 -149.99269027 269.7600 0 2 {@Y,^l}R
20  61.17014704 -149.99533541 89.3000 0 2 {@Y,^l}R
20  61.16830482 -149.99844758 90.3100 0 2 {@Y,^l}R
20  61.17014409 -149.99358124 268.8600 0 2 {@Y}R{^r}
20  61.16834994 -149.99076866 270.6300 0 2 {@Y}R{^r}
20  61.16940985 -149.99539108 89.3400 0 2 {@Y}R{^r}
20  61.17056294 -149.99271435 221.7600 0 2 {@R}25R-7L{@L}G{@@}G
20  61.17055190 -149.99085479 180.6900 0 2 {@L}G{@R}25R-7L{@@,@L}G
20  61.17014360 -149.99097802 268.2300 0 2 {@Y}G{^r}
20  61.16908862 -149.99297347 358.3500 0 2 {@R}7L-25R{@L}R{@@}R
20  61.16908607 -149.99497247 0.6100 0 2 {@L}R{@R}7L-25R{@@,@L}R
20  61.16864919 -149.99613119 235.7800 0 2 {@R}25L-7R{@L}G{@@}G
20  61.16863828 -149.99272075 179.4700 0 2 {@L}R{@R}25L-7R
20  61.17153147 -149.98912377 230.8400 0 2 {@Y,^ld}K{@L}G{@Y}K{^ru,@@,@L}G
20  61.17186183 -149.99021196 165.1700 0 2 {@Y,^l}K{@L}G1{@Y}G{^ru}|K{^r}
20  61.17081162 -149.98558208 266.5100 0 2 {@L}K{@Y,^l}E{^r,@@,@L}K
20  61.17152278 -149.98804496 88.2500 0 2 {@L}K{@Y,^l}E{^r,@@}7L_7R_33{^u}
20  61.17187083 -149.98829291 47.5400 0 2 {@L}G{@Y,^lu}E{^rd,@@,@L}G
20  61.17067183 -149.98740037 91.6500 0 2 {@Y,^l}E{^r,@L}K{@@}K
20  61.17067918 -149.98581261 162.3000 0 2 {@L}E{@R}25R-7L{@@,@L}E
20  61.16891886 -149.98591036 341.9600 0 2 {@L}E{@R}7L-25R{@@,@L}E
20  61.16874135 -149.98449361 161.6100 0 2 {@L}E{@R}25L-7R{@@,@L}E
20  61.17015316 -149.98709997 90.0000 0 2 {@Y,^l}E
20  61.16831117 -149.98635294 85.9100 0 2 {@Y,^l}E
20  61.16822178 -149.98170643 271.1000 0 2 {@Y}D{^rd}
20  61.16941732 -149.98512836 270.5700 0 2 {@Y,^l}E
20  61.17015682 -149.98544724 270.0000 0 2 {@Y}E{^r}
20  61.16941707 -149.98618445 90.0000 0 2 {@Y}E{^r}
20  61.16701519 -149.98437011 336.0500 0 2 {@L}E{@R}7R-25L{@@,@L}E
20  61.16709041 -149.98654431 340.8800 0 2 {@L}F{@R}7R-25L{@@,@L}F
20  61.16643124 -149.98649800 82.4800 0 2 {@Y,^l}F{@L}Z{@Y}E{^u}|F{^r,@@,@L}Z
20  61.16742806 -149.98463293 90.1600 0 2 {@Y}E{^r}
20  61.16742540 -149.98685893 88.3600 0 2 {@Y}F{^r}
20  61.16673325 -149.98503630 160.9800 0 2 {@L}F{@Y}Z{^r,@@,@L}F
20  61.16743268 -149.98354022 270.1800 0 2 {@Y,^l}E
20  61.16742806 -149.98538632 269.7700 0 2 {@Y,^l}F
20  61.16719492 -149.97404456 28.5700 0 2 {@L}C{@R}25R{@@,@L}C
20  61.16840067 -149.98151326 239.0600 0 2 {@L}D{@R}25L-7R{@@,@L}D
20  61.16921306 -149.98130751 61.5500 0 2 {@L}D{@R}7L-25R{@@,@L}D
20  61.16845143 -149.97027749 248.2000 0 2 {@L}C{@R}25L{@@,@L}C
20  61.16925986 -149.96982793 68.4400 0 2 {@L}C{@R}7L-25R{@@,@L}C
20  61.17082823 -149.97689413 266.3000 0 2 {@Y,^l}D{@L}K{@@}K
20  61.17077209 -149.97908972 87.9600 0 2 {@L}K{@Y}D{^r,@@,@L}K
20  61.17056447 -149.97729053 178.1300 0 2 {@L}D{@R}25R-7L{@@,@L}D
20  61.17057013 -149.96734234 179.3200 0 2 {@L}C{@R}25R-7L{@@,@L}C
20  61.17093703 -149.96697496 264.4200 0 2 {@Y,^l}C{@L}K{@@}K
20  61.17087134 -149.96916479 92.4400 0 2 {@L}K{@Y}C{^r,@@,@L}K
20  61.17094101 -149.95798042 269.6700 0 2 {@Y,^l}B{@L}K{@@}K
20  61.17017602 -149.96000394 89.2500 0 2 {@Y,^l}B
20  61.17017796 -149.95813128 270.4600 0 2 {@Y}B{^r}
20  61.17094362 -149.96023105 93.9900 0 2 {@L}K{@Y}B{^r,@@,@L}K
20  61.17057622 -149.95837250 179.4800 0 2 {@L}B{@R}25R-7L{@@,@L}B
20  61.17018123 -149.95018667 89.6700 0 2 {@Y,^l}A
20  61.17093822 -149.94944174 90.0300 0 2 {@L}K{@Y}A{^r,@@,@L}K
20  61.17058151 -149.94909690 182.0200 0 2 {@R}25R{@L}A{@@}A
20  61.17058089 -149.94650240 179.2300 0 2 {@L}A{@R}25R{@@,@L}A
20  61.16743350 -149.97418779 90.8100 0 2 {@Y}ANG{^r}
20  61.16832031 -149.97435099 91.5400 0 2 {@Y,^lu}C
20  61.17016996 -149.96726357 270.2100 0 2 {@Y}C{^r}
20  61.17017007 -149.96900056 89.6800 0 2 {@Y,^l}C
20  61.17156241 -149.98796836 168.2600 0 2 {@Y,^l}K{^r,@L}E{@@,@Y,^l}E{^r,@L}K
20  61.17092649 -150.00285679 90.0000 0 2 {critical}
20  61.17238790 -150.00287202 344.8800 0 2 {@L}Y{@Y}L{^r,@@,@L}Y
20  61.17414997 -150.00385192 345.1100 0 2 {@L}Y{@Y}W{^ru,@@,@L}Y
20  61.17640900 -149.99548917 73.8400 0 2 {@L}M{@Y,^l}G1{^r,@@,@L}M
20  61.17686140 -149.99320407 252.5000 0 2 {@L}M{@Y,^l}G1{^r,@@,@L}M{@Y,^l}E{^r}
20  61.17693221 -149.99214514 336.7600 0 2 {@Y,^l}M{@L}E{@@}E
20  61.17769345 -149.99334647 161.9600 0 2 {@L}E{@Y}M{^r,@@,@L}E
20  61.17367783 -149.98960644 164.3800 0 2 {@L}E{@Y}L{^r,@@,@L}E
20  61.19842750 -150.00964193 166.1900 0 2 {@Y,^l}ACE
20  61.19757387 -150.00916438 344.5100 0 2 {@Y}ACE{^r}
20  61.17021715 -149.95566787 89.6600 0 2 {@B}1{@@}9
20  61.17021211 -149.96132264 89.6600 0 2 {@B}2{@@}8
20  61.17020704 -149.96699669 89.6600 0 2 {@B}3{@@}7
20  61.17020200 -149.97264580 89.6600 0 2 {@B}4{@@}6
20  61.17019189 -149.98397456 89.6600 0 2 {@B}6{@@}4
20  61.17018684 -149.98963979 89.6600 0 2 {@B}7{@@}3
20  61.17018178 -149.99530505 89.6600 0 2 {@B}8{@@}2
20  61.17017167 -150.00663285 89.6600 0 2 {@B}10
20  61.16836095 -149.97944960 89.6600 0 2 {@B}1{@@}11
20  61.16834892 -149.99077795 89.6600 0 2 {@B}3{@@}9
20  61.16833689 -150.00210043 89.6600 0 2 {@B}5{@@}7
20  61.16833116 -150.00748864 89.6600 0 2 {@B}6{@@}6
20  61.16832485 -150.01342851 89.6600 0 2 {@B}7{@@}5
20  61.16831883 -150.01909340 89.6600 0 2 {@B}8{@@}4
20  61.16831282 -150.02475832 89.6600 0 2 {@B}9{@@}3
20  61.16830679 -150.03042929 89.6600 0 2 {@B}10{@@}2
20  61.16830078 -150.03608544 89.6600 0 2 {@B}11{@@}1
20  61.19607165 -150.01336530 346.2000 0 2 {@B}1{@@}9
20  61.19342455 -150.01188402 346.2000 0 2 {@B}2{@@}8
20  61.18814922 -150.00893203 346.2000 0 2 {@B}4{@@}6
20  61.18551566 -150.00745833 346.2000 0 2 {@B}5{@@}5
20  61.18286527 -150.00597521 346.2000 0 2 {@B}6{@@}4
20  61.17758516 -150.00302055 346.2000 0 2 {@B}8{@@}2
20  61.18022422 -150.00449732 346.2000 0 2 {@B}7{@@}3
20  61.17494835 -150.00154503 346.2000 0 2 {@B}9{@@}1
20  61.17606709 -149.99469777 340.5500 0 2 {@Y}R11{^r,@@,^l}R11
20  61.17544105 -149.99415429 339.9200 0 2 {@Y}R10{^r,@@,^l}R10
20  61.17479566 -149.99366370 339.7400 0 2 {@Y}R9{^r,@@,^l}R9
20  61.17414323 -149.99317131 339.7900 0 2 {@Y}R8{^r,@@,^l}R8
20  61.17349186 -149.99288094 160.1000 0 2 {@Y,^l}R7{@@}R7{^r}
14  61.17669963 -149.98287168 298.56 0 Stevens_Anchorage_Intl Tower
1300  61.16270226 -149.98757115 -111.28 misc turboprops|props LifeMed Alaska 3
1301 A none 
1300  61.16283551 -149.98766937 -111.28 misc turboprops|props LifeMed Alaska 2
1301 A none 
1300  61.16296579 -149.98776759 -111.28 misc turboprops|props LifeMed Alaska 1
1301 A none 
1300  61.17210286 -149.97755759  43.38 gate turboprops|props Gate A5
1301 A airline rvf
1300  61.17211356 -149.97685495  43.21 gate turboprops|props Gate A6
1301 A airline rvf
1300  61.17212711 -149.97614058  42.68 gate turboprops|props Gate A7
1301 A airline rvf
1300  61.17212880 -149.97545500  43.26 gate turboprops|props Gate A8
1301 A airline rvf
1300  61.17270391 -149.97765356  42.78 gate turboprops|props Gate A10
1301 A airline rvf
1300  61.17265434 -149.97712955  50.75 gate turboprops|props Gate A11
1301 A airline rvf
1300  61.17259755 -149.97667158 -135.64 gate turboprops|props Gate A12
1301 A airline rvf
1300  61.17260594 -149.97589370 -136.48 gate turboprops|props Gate A13
1301 A airline rvf
1300  61.17280065 -149.98263174 -35.48 gate jets|turboprops Gate B1
1301 C airline 
1300  61.17254621 -149.98325285 -19.81 gate jets|turboprops Gate B3
1301 C airline 
1300  61.17263986 -149.98526285 108.38 gate jets|turboprops Gate B8
1301 C airline 
1300  61.17295996 -149.98490904 137.85 gate jets|turboprops Gate B6
1301 C airline 
1300  61.17302972 -149.98407511 150.24 gate jets|turboprops Gate B4
1301 C airline 
1300  61.17226138 -149.98398148  -3.33 gate jets|turboprops Gate B5
1301 C airline 
1300  61.17219295 -149.98459547  25.93 gate jets|turboprops Gate B7
1301 C airline 
1300  61.17235760 -149.98509257  61.91 gate jets|turboprops Gate B9
1301 C airline 
1300  61.17385348 -149.98338071  98.73 gate jets|turboprops Gate C1
1301 C airline 
1300  61.17432757 -149.98376356  81.85 gate jets|turboprops Gate C2
1301 C airline 
1300  61.17469392 -149.98398104  81.87 gate jets|turboprops Gate C3
1301 C airline 
1300  61.17505224 -149.98430429  81.59 gate jets|turboprops Gate C4
1301 C airline 
1300  61.17536442 -149.98453152  96.16 gate jets|turboprops Gate C5
1301 C airline 
1300  61.17571674 -149.98474563 104.87 gate jets|turboprops Gate C6
1301 C airline 
1300  61.17671218 -149.98446386 154.00 gate jets|turboprops Gate C9
1301 C airline 
1300  61.17645837 -149.98479694 127.84 gate jets|turboprops Gate C8
1301 C airline 
1300  61.17605728 -149.98471083 115.68 gate jets|turboprops Gate C7
1301 C airline 
1300  61.17192593 -149.97873503  89.83 gate turboprops|props Gate L1
1301 B airline nla
1300  61.17192604 -149.97980887  89.83 gate turboprops|props Gate L1
1301 B airline nla
1300  61.17192614 -149.98095426  89.83 gate turboprops|props Gate L1
1301 B airline nla
1300  61.17215276 -149.97873348  89.83 gate turboprops|props Gate L1
1301 B airline nla
1300  61.17215287 -149.97980368  89.83 gate turboprops|props Gate L1
1301 B airline nla
1300  61.17215297 -149.98094907  89.83 gate turboprops|props Gate L1
1301 B airline nla
1300  61.17237828 -149.97876160  89.83 gate turboprops|props Gate L1
1301 B airline nla
1300  61.17237894 -149.97980252  89.83 gate turboprops|props Gate L1
1301 B airline nla
1300  61.17237999 -149.98094791  89.83 gate turboprops|props Gate L1
1301 B airline nla
1300  61.17259478 -149.98093340  90.52 gate turboprops|props Gate L1
1301 B airline nla
1300  61.17895149 -149.98754814 175.14 gate heavy|jets|turboprops Gate N1
1301 D none jal kal syl ice cfg
1300  61.17817003 -149.98608150  -2.33 gate heavy|jets|turboprops Gate N2 (no jetway)
1301 D none jal kal syl ice cfg
1300  61.17862099 -149.98847634 159.88 gate heavy|jets|turboprops Gate N3
1301 D none jal kal syl ice cfg
1300  61.17803409 -149.98757814 -23.36 gate heavy|jets|turboprops Gate N4
1301 E none jal kal syl ice cfg
1300  61.17843231 -149.98966382 160.05 gate heavy|jets|turboprops Gate N5
1301 D none jal kal syl ice cfg
1300  61.17770129 -149.98874133 -25.05 gate heavy|jets|turboprops Gate N6
1301 E none jal kal syl ice cfg
1300  61.17817440 -149.99080266 159.64 gate heavy|jets|turboprops Gate N7
1301 C none jal kal syl ice cfg
1300  61.17754943 -149.98964688  23.52 gate heavy|jets|turboprops Gate N8
1301 E none jal kal syl ice cfg
1300  61.17625110 -149.98814588  28.32 gate heavy Gate R2
1301 E cargo 
1300  61.17540028 -149.98750707  28.31 gate heavy Gate R3
1301 E cargo 
1300  61.17456188 -149.98685490  28.58 gate heavy Gate R4
1301 E cargo 
1300  61.17396683 -149.99016506  69.96 gate heavy Gate R7
1301 F cargo 
1300  61.17460423 -149.99065160  70.25 gate heavy Gate R8
1301 E cargo 
1300  61.17524623 -149.99113900  69.90 gate heavy Gate R9
1301 F cargo 
1300  61.17588831 -149.99162255  69.78 gate heavy Gate R10
1301 E cargo 
1300  61.17653123 -149.99210720  69.64 gate heavy Gate R11
1301 F cargo 
1300  61.17801113 -149.99371454  69.98 gate heavy Gate R12
1301 F cargo 
1300  61.17865346 -149.99420735  69.98 gate heavy Gate R13
1301 E cargo 
1300  61.17929263 -149.99468959  69.98 gate heavy Gate R14
1301 F cargo 
1300  61.19761302 -150.00508752 165.24 gate heavy North Cargo Ramp 1
1301 E cargo 
1300  61.19727841 -150.00766319 165.42 gate heavy North Cargo Ramp 3
1301 F cargo 
1300  61.19745229 -150.00632469 164.95 gate heavy North Cargo Ramp 2
1301 E cargo 
1300  61.19664419 -150.00762015 -30.77 gate heavy North Cargo Ramp 4
1301 E cargo 
1300  61.19683680 -150.00621346 -15.62 gate heavy North Cargo Ramp 5
1301 E cargo 
1300  61.19705586 -150.00502457 -15.10 gate heavy North Cargo Ramp 6
1301 E cargo 
1300  61.19470860 -150.00624214 165.30 gate heavy North Cargo Ramp 7
1301 F cargo 
1300  61.19487885 -150.00498964 165.05 gate heavy North Cargo Ramp 8
1301 D cargo 
1300  61.19504928 -150.00373575 165.14 gate heavy North Cargo Ramp 9
1301 E cargo 
1300  61.19522364 -150.00245301 165.35 gate heavy North Cargo Ramp 10
1301 F cargo 
1300  61.19723596 -149.99886459 -15.71 gate jets|turboprops|props PenAir Ramp 1
1301 A airline nla
1300  61.19616709 -149.99675486 162.93 gate jets|turboprops|props Ace Air Cargo 3
1301 B cargo aer
1300  61.19637269 -149.99633667 279.98 gate jets|turboprops|props Ace Air Cargo 4
1301 B cargo aer
1300  61.19656390 -149.99636441 253.04 gate jets|turboprops|props Ace Air Cargo 5
1301 B cargo aer
1300  61.19642248 -149.99750767  76.18 gate jets|turboprops|props Ace Air Cargo 1
1301 B cargo aer
1300  61.19624464 -149.99733485  31.32 gate jets|turboprops|props Ace Air Cargo 2
1301 B cargo aer
1300  61.19611099 -149.99860686 165.17 gate jets|turboprops|props Everts Air Cargo 4
1301 C cargo vts
1300  61.19599846 -149.99942059 165.17 gate jets|turboprops|props Everts Air Cargo 1
1301 C cargo vts
1300  61.19603446 -150.00052081 -112.08 gate jets|turboprops|props Everts Air Cargo 2
1301 C cargo vts
1300  61.19567500 -150.00077348 -105.15 gate jets|turboprops|props Everts Air Cargo 3
1301 C cargo vts
1300  61.19361705 -150.00586012 -104.16 gate heavy UPS 1
1301 E cargo ups
1300  61.19244830 -150.00529898 -59.84 gate heavy UPS 3
1301 F cargo ups
1300  61.19331384 -150.00569777 -59.52 gate heavy UPS 2
1301 E cargo ups
1300  61.19403348 -150.00222827  76.07 gate heavy UPS 4
1301 F cargo ups
1300  61.19271856 -150.00146344  74.62 gate heavy UPS 6
1301 F cargo ups
1300  61.19337136 -150.00184314  74.29 gate heavy UPS 5
1301 E cargo ups
1300  61.19336815 -149.99810864 -46.86 gate heavy UPS 7
1301 F cargo ups
1300  61.19392828 -149.99453018  30.01 gate heavy UPS 10
1301 F cargo ups
1300  61.19131907 -149.99632138 165.19 gate heavy FedEx 9
1301 F cargo fdx abr bvn cjt mei cfs iro cpt mal mtn sop wig pcm swt
1300  61.19153280 -149.99467467 165.06 gate heavy FedEx 10
1301 F cargo fdx abr bvn cjt mei cfs iro cpt mal mtn sop wig pcm swt
1300  61.19433809 -149.99480048  75.54 gate heavy UPS 9
1301 E cargo ups
1300  61.19384443 -149.99859007 -105.90 gate heavy UPS 8
1301 F cargo ups
1300  61.18987875 -150.00299550 -105.30 gate heavy FedEx 2
1301 E cargo fdx abr bvn cjt mei cfs iro cpt mal mtn sop wig pcm swt
1300  61.19046453 -150.00332755 -105.30 gate heavy FedEx 1
1301 E cargo fdx abr bvn cjt mei cfs iro cpt mal mtn sop wig pcm swt
1300  61.18856668 -150.00227324 -105.30 gate heavy FedEx 4
1301 E cargo fdx abr bvn cjt mei cfs iro cpt mal mtn sop wig pcm swt
1300  61.18929761 -150.00267673 -105.30 gate heavy FedEx 3
1301 E cargo fdx abr bvn cjt mei cfs iro cpt mal mtn sop wig pcm swt
1300  61.18702795 -149.99823669 -14.90 gate heavy FedEx 13
1301 F cargo fdx abr bvn cjt mei cfs iro cpt mal mtn sop wig pcm swt
1300  61.18682138 -149.99979913 -14.90 gate heavy FedEx 12
1301 F cargo fdx abr bvn cjt mei cfs iro cpt mal mtn sop wig pcm swt
1300  61.18658683 -150.00150981 -31.65 gate heavy FedEx 11
1301 E cargo fdx abr bvn cjt mei cfs iro cpt mal mtn sop wig pcm swt
1300  61.18798729 -150.00192919 -105.30 gate heavy FedEx 5
1301 E cargo fdx abr bvn cjt mei cfs iro cpt mal mtn sop wig pcm swt
1300  61.18892390 -149.99891283 -150.56 gate turboprops|props FedEx Feeder 3
1301 B cargo fdx abr bvn cjt mei cfs iro cpt mal mtn sop wig pcm swt
1300  61.18821033 -149.99896240 -104.73 gate turboprops|props FedEx Feeder 5
1301 B cargo fdx abr bvn cjt mei cfs iro cpt mal mtn sop wig pcm swt
1300  61.18864723 -149.99923015 -104.73 gate turboprops|props FedEx Feeder 4
1301 B cargo fdx abr bvn cjt mei cfs iro cpt mal mtn sop wig pcm swt
1300  61.18886022 -149.99943643 -149.41 gate turboprops|props FedEx Feeder 2
1301 B cargo fdx abr bvn cjt mei cfs iro cpt mal mtn sop wig pcm swt
1300  61.18931822 -149.99966381 -103.53 gate turboprops|props FedEx Feeder 1
1301 B cargo fdx abr bvn cjt mei cfs iro cpt mal mtn sop wig pcm swt
1300  61.18993642 -149.99902966  74.89 gate heavy FedEx 8
1301 E cargo fdx abr bvn cjt mei cfs iro cpt mal mtn sop wig pcm swt
1300  61.19110575 -149.99970437  74.89 gate heavy FedEx 6
1301 E cargo fdx abr bvn cjt mei cfs iro cpt mal mtn sop wig pcm swt
1300  61.19052165 -149.99936734  74.89 gate heavy FedEx 7
1301 E cargo fdx abr bvn cjt mei cfs iro cpt mal mtn sop wig pcm swt
1300  61.17239375 -149.96846396  46.41 gate turboprops|props Desert Air Ramp
1301 B none 
1300  61.17270890 -149.96847402  52.60 gate turboprops|props Desert Air Ramp
1301 B none 
1300  61.17309474 -149.96850239  52.88 gate turboprops|props Desert Air Ramp
1301 B none 
1300  61.17339935 -149.97029870 -89.33 gate turboprops|props Desert Air Ramp
1301 B none 
1300  61.17275640 -149.97276245  -0.28 gate turboprops|props Ravn Alaska Maintenance Ramp
1301 B none 
1300  61.17306472 -149.96142402  89.73 gate jets|turboprops Alaska Airlines Maintenance Hangar 
1301 C none asa
1300  61.17209229 -149.96062166 134.58 gate jets Alaska Airlines Cargo
1301 C cargo asa
1300  61.17206522 -149.96158558 134.54 gate jets Alaska Air Cargo 
1301 C cargo asa
1300  61.17265756 -149.96380302 -40.67 gate jets Alaska Air Cargo 
1301 C cargo asa
1300  61.17263930 -149.96459795   0.02 gate jets Alaska Air Cargo 
1301 C cargo asa
1300  61.17259143 -149.96585246   0.02 gate jets Alaska Air Cargo 
1301 C cargo asa
1300  61.17261446 -149.96707697   0.02 gate jets Alaska Air Cargo 
1301 C cargo asa
1300  61.17296071 -149.95821764  91.55 gate jets Northern Air Cargo 1
1301 C cargo nac
1300  61.17257439 -149.95838044  91.21 gate jets Northern Air Cargo 2
1301 C cargo nac
1300  61.17218624 -149.95837153  89.84 gate jets Northern Air Cargo 3
1301 C cargo nac
1300  61.17218647 -149.94503516  -1.76 tie_down turboprops|props East Airpark 14
1301 B general_aviation 
1300  61.17233852 -149.95267756 -90.79 tie_down turboprops|props East Airpark 8
1301 B general_aviation 
1300  61.17237301 -149.94407572 -126.56 tie_down turboprops|props East Airpark 13
1301 C general_aviation 
1300  61.17258902 -149.95267756 -90.79 tie_down turboprops|props East Airpark 6
1301 B general_aviation 
1300  61.17267255 -149.94438964 -123.34 tie_down turboprops|props East Airpark 12
1301 B general_aviation 
1300  61.17282886 -149.95265545 -90.79 tie_down turboprops|props East Airpark 4
1301 B general_aviation 
1300  61.17227814 -149.94735271  89.18 tie_down turboprops|props East Airpark 11
1301 B general_aviation 
1300  61.17257022 -149.94713607  89.18 tie_down turboprops|props East Airpark 10
1301 B general_aviation 
1300  61.17284311 -149.94704322  89.18 tie_down turboprops|props East Airpark 9
1301 B general_aviation 
1300  61.17307404 -149.95265177 -90.79 tie_down turboprops|props East Airpark 2
1301 B general_aviation 
1300  61.17233492 -149.95334174  88.96 tie_down turboprops|props East Airpark 7
1301 B general_aviation 
1300  61.17259253 -149.95334174  88.96 tie_down turboprops|props East Airpark 5
1301 B general_aviation 
1300  61.17282882 -149.95334174  88.96 tie_down turboprops|props East Airpark 3
1301 B general_aviation 
1300  61.17307221 -149.95335648  88.96 tie_down turboprops|props East Airpark 1
1301 B general_aviation 
1300  61.16338744 -149.98534948 -137.83 gate turboprops|props Lynden Air Cargo
1301 C cargo lyc
1300  61.16313585 -149.98404314 340.43 gate turboprops|props Lynden Air Cargo
1301 C cargo lyc
1300  61.16505281 -149.98587912 341.38 gate turboprops|props Security Aviation 6
1301 B none 
1300  61.16498158 -149.98633722 343.41 gate turboprops|props Security Aviation 5
1301 B none 
1300  61.16469236 -149.98550502 166.01 gate turboprops|props Signature Flight Support 2
1301 A none 
1300  61.16474566 -149.98521770 174.43 gate turboprops|props Signature Flight Support 3
1301 A none 
1300  61.16416125 -149.98473529 338.90 gate turboprops|props Signature Flight Support 6
1301 B none 
1300  61.16462665 -149.98582617 164.25 gate turboprops|props Signature Flight Support 1
1301 A none 
1300  61.16069757 -149.98333047 -111.25 gate jets|turboprops|props NAC Maintenance
1301 C none 
1300  61.16177216 -149.98316804 -20.57 gate jets|turboprops|props NAC Maintenance
1301 C none 
1300  61.16377010 -149.97555589 -59.18 gate jets|turboprops|props|fighters ANG 3
1301 D military 
1300  61.16449044 -149.97555070 -59.18 gate jets|turboprops|props|fighters ANG 2
1301 D military 
1300  61.16507252 -149.97816536  90.95 gate jets|turboprops|props|fighters ANG 8
1301 C military 
1300  61.16459301 -149.97816262  90.95 gate jets|turboprops|props|fighters ANG 9
1301 C military 
1300  61.16411486 -149.97816036  90.95 gate jets|turboprops|props|fighters ANG 10
1301 C military 
1300  61.16363575 -149.97815894  90.95 gate jets|turboprops|props|fighters ANG 11
1301 C military 
1300  61.16364186 -149.97659880  58.88 gate jets|turboprops|props|fighters ANG 7
1301 C military 
1300  61.16413197 -149.97660143  58.88 gate jets|turboprops|props|fighters ANG 6
1301 C military 
1300  61.16462952 -149.97659851  58.88 gate jets|turboprops|props|fighters ANG 5
1301 C military 
1300  61.16511830 -149.97659966  58.88 gate jets|turboprops|props|fighters ANG 4
1301 C military 
1300  61.16621560 -149.97148572   0.68 gate helos ANG Heli 4
1301 B military 
1300  61.16621674 -149.97214892   0.68 gate helos ANG Heli 3
1301 B military 
1300  61.16621785 -149.97278641   0.68 gate helos ANG Heli 2
1301 B military 
1300  61.16622111 -149.97343453   0.68 gate helos ANG Heli 1
1301 B military 
1300  61.16521965 -149.97553457 -59.18 gate jets|turboprops|props|fighters ANG 1
1301 D military 
1300  61.16193145 -149.98031925 341.72 tie_down turboprops|props Ryan Air 3
1301 A general_aviation 
1300  61.16188676 -149.98059649 341.72 tie_down turboprops|props Ryan Air 4
1301 A general_aviation 
1300  61.16372356 -149.98151057 249.02 tie_down jets|turboprops|props Ross Aviation 3
1301 B none 
1300  61.16464330 -149.98283451 160.43 tie_down jets|turboprops|props Ross Aviation 1
1301 B none 
18  61.18246211 -149.99695375 1 BCN
1050 122200 KENAI FSS
1050 122300 KENAI FSS
1050 122550 KENAI FSS
1050 118400 PANC ATIS
1051 122950 ANCHORAGE_INTL UNIC
1052 119400 ANCHORAGE CLD
1052 128650 ANCHORAGE CLD
1053 121900 ANCHORAGE GND
1054 118300 ANCHORAGE TWR
1055 118600 ANCHORAGE APP
1055 119100 ANCHORAGE APP
1055 123800 ANCHORAGE APP
1055 126400 ANCHORAGE APP
1055 134100 ANCHORAGE APP
1056 118600 ANCHORAGE DEP
1056 119100 ANCHORAGE DEP
1056 123800 ANCHORAGE DEP
1056 126400 ANCHORAGE DEP
1200 
1201  61.17734954 -149.98596621 both 0 _stop
1201  61.16268846 -149.98850205 both 1 _stop
1201  61.16495818 -149.98314556 both 2 _stop
1201  61.16567363 -149.98370353 both 3 _stop
1201  61.16521312 -149.98651612 both 4 _stop
1201  61.16430950 -149.98536385 both 5 _stop
1201  61.16472302 -149.98486939 both 6 _stop
1201  61.16352920 -149.98436201 both 7 _stop
1201  61.16258402 -149.98364350 both 8 _stop
1201  61.16278881 -149.98145530 both 9 _stop
1201  61.16432000 -149.98266370 both 10 _stop
1201  61.16126671 -149.98051728 both 11 _stop
1201  61.16227316 -149.98125208 both 12 _stop
1201  61.16127196 -149.98270082 both 13 _stop
1201  61.16090098 -149.98244095 both 14 _stop
1201  61.17257125 -149.94553788 both 15 _stop
1201  61.17308046 -149.95298344 both 16 _stop
1201  61.17194075 -149.95309778 both 17 _stop
1201  61.17307450 -149.96084030 both 18 _start
1201  61.17303651 -149.96304289 both 19 _stop
1201  61.17272352 -149.95780154 both 20 _start
1201  61.17292611 -149.95946112 both 21 _stop
1201  61.17199675 -149.95945586 both 22 _stop
1201  61.17250181 -149.96083522 both 23 _stop
1201  61.17192293 -149.96266596 both 24 _stop
1201  61.17249270 -149.96286447 both 25 _stop
1201  61.17300014 -149.96910943 both 26 _stop
1201  61.17292830 -149.97682514 both 27 _stop
1201  61.17306459 -149.97568542 both 28 _stop
1201  61.17295468 -149.97517118 both 29 _stop
1201  61.17272834 -149.97494064 both 30 _stop
1201  61.17224922 -149.98199530 both 31 _start
1201  61.17231171 -149.97836590 both 32 _start
1201  61.17237629 -149.97949237 both 33 _start
1201  61.17259080 -149.98059419 both 34 _start
1201  61.17969245 -149.98768025 both 35 _stop
1201  61.17880955 -149.99265778 both 36 _stop
1201  61.16345908 -149.97608073 both 37 C_stop
1201  61.16360347 -149.97763412 both 38 C_stop
1201  61.16364286 -149.97885236 both 39 C_stop
1201  61.16555073 -149.97885243 both 40 C_stop
1201  61.16556587 -149.97531048 both 41 C_stop
1201  61.16555930 -149.97608527 both 42 C_stop
1201  61.16555730 -149.97763546 both 43 C_stop
1201  61.16740090 -149.97321616 both 44 C_stop
1201  61.16707209 -149.97358774 both 45 C_stop
1201  61.16921369 -149.96809900 both 46 C_stop
1201  61.16893199 -149.96952541 both 47 C_stop
1201  61.16873288 -149.97056891 both 48 C_stop
1201  61.16822835 -149.97316979 both 49 C_stop
1201  61.16787778 -149.97322654 both 50 C_stop
1201  61.17729086 -149.99891896 both 51 M_stop
1201  61.17870844 -150.00184334 both 52 M_stop
1201  61.17804130 -150.00046815 both 53 M_stop
1201  61.17781239 -149.99995402 both 54 M_stop
1201  61.17890664 -149.99661399 both 55 G1_stop
1201  61.17697324 -149.99467754 both 56 G1_stop
1201  61.17292528 -149.99160803 both 57 L_stop
1201  61.17645799 -149.99428056 both 58 L_stop
1201  61.17029078 -149.97799277 both 59 D_stop
1201  61.16990133 -149.97807443 both 60 D_stop
1201  61.16964753 -149.97847823 both 61 D_stop
1201  61.16844855 -149.98279147 both 62 D_stop
1201  61.16868770 -149.98193112 both 63 D_stop
1201  61.16895544 -149.98096796 both 64 D_stop
1201  61.16223816 -149.99103197 both 65 Z_stop
1201  61.16528154 -149.99196899 both 66 Z_stop
1201  61.16622180 -149.99030020 both 67 Z_stop
1201  61.16622713 -149.98559088 both 68 Z_stop
1201  61.16054554 -149.98097061 both 69 F_stop
1201  61.18012592 -149.99428588 both 70 E_stop
1201  61.17766815 -149.99243347 both 71 E_stop
1201  61.17838451 -149.99297513 both 72 E_stop
1201  61.17724698 -149.99148044 both 73 E_stop
1201  61.17744931 -149.99194817 both 74 E_stop
1201  61.16663515 -149.98354727 both 75 E_stop
1201  61.16978039 -149.98589859 both 76 E_stop
1201  61.16978641 -149.97825727 both 77 E_stop
1201  61.17054365 -149.98647426 both 78 E_stop
1201  61.17116792 -149.98693588 both 79 E_stop
1201  61.17117171 -149.98197691 both 80 E_stop
1201  61.17117238 -149.98055058 both 81 E_stop
1201  61.17116710 -149.97948187 both 82 E_stop
1201  61.17117090 -149.97836422 both 83 E_stop
1201  61.17116595 -149.97798366 both 84 E_stop
1201  61.17248155 -149.98788248 both 85 E_stop
1201  61.17343580 -149.98860944 both 86 E_stop
1201  61.16637442 -149.98358885 both 87 E_stop
1201  61.16557471 -149.98477916 both 88 E_start
1201  61.16583117 -149.98442933 both 89 E_start
1201  61.16604822 -149.98412347 both 90 E_start
1201  61.17647050 -149.99090165 both 91 G_stop
1201  61.17703997 -149.98770113 both 92 G_stop
1201  61.17424380 -149.98553397 both 93 G_stop
1201  61.17230880 -149.98812031 both 94 G_stop
1201  61.16993271 -149.99279726 both 95 G_stop
1201  61.17053164 -149.99183431 both 96 G_stop
1201  61.16884313 -149.99421817 both 97 G_stop
1201  61.16827034 -150.03446964 both 98 J_stop
1201  61.16881225 -150.03498579 both 99 J_stop
1201  61.16984527 -150.03498131 both 100 J_stop
1201  61.17021746 -150.00812409 both 101 H_stop
1201  61.17032150 -149.94833921 both 102 K_stop
1201  61.17128143 -149.94836289 both 103 K_stop
1201  61.17126993 -149.97202180 both 104 K_stop
1201  61.17126985 -149.96909054 both 105 K_stop
1201  61.17126997 -149.96807782 both 106 K_stop
1201  61.17127258 -149.96266591 both 107 K_stop
1201  61.17127179 -149.95932746 both 108 K_stop
1201  61.17127345 -149.95909105 both 109 K_stop
1201  61.17127377 -149.95778580 both 110 K_stop
1201  61.17127663 -149.95310136 both 111 K_stop
1201  61.17056067 -149.95907455 both 112 K_stop
1201  61.17055707 -149.96807265 both 113 K_stop
1201  61.16979442 -149.96806497 both 114 K_stop
1201  61.16980025 -149.95905700 both 115 K_stop
1201  61.17116965 -149.97509962 both 116 K_stop
1201  61.17117491 -149.97493670 both 117 K_stop
1201  61.17116775 -149.98810483 both 118 K_stop
1201  61.17124967 -149.99091689 both 119 K_stop
1201  61.17124284 -149.99071742 both 120 K_stop
1201  61.17120583 -150.03216927 both 121 K_start
1201  61.17122938 -150.00810899 both 122 K_start
1201  61.17052569 -150.00812526 both 123 K_start
1201  61.17123746 -150.00285677 both 124 K_start
1201  61.17124526 -149.99506856 both 125 K_start
1201  61.19472493 -150.01471605 both 126 Y_stop
1201  61.19037196 -150.01227616 both 127 Y_stop
1201  61.18603628 -150.00985091 both 128 Y_stop
1201  61.17572650 -150.00407890 both 129 Y_stop
1201  61.17430861 -150.00329439 both 130 Y_stop
1201  61.17280501 -150.00244326 both 131 Y_stop
1201  61.17287948 -150.00110438 both 132 Y_stop
1201  61.17123834 -150.00157431 both 133 Y_stop
1201  61.17051435 -150.00117006 both 134 Y_stop
1201  61.17124008 -150.00020517 both 135 Y_stop
1201  61.17567924 -150.00258684 both 136 Y_stop
1201  61.18597721 -149.99762233 both 137 P_stop
1201  61.18762519 -149.99765145 both 138 U_stop
1201  61.18737100 -149.99960416 both 139 _stop
1201  61.19432717 -149.99680245 both 140 _stop
1201  61.19402871 -150.00426107 both 141 _stop
1201  61.19288123 -149.99303059 both 142 T_stop
1201  61.19705356 -149.99980374 both 143 _stop
1201  61.19731819 -149.99953831 both 144 _stop
1201  61.19762840 -149.99706806 both 145 _stop
1201  61.19590971 -150.00557905 both 146 S_stop
1201  61.19550711 -150.00865866 both 147 S_stop
1201  61.19115961 -150.00622345 both 148 S_stop
1201  61.18682378 -150.00379477 both 149 S_stop
1201  61.18528558 -150.00293261 both 150 S_stop
1201  61.17817121 -149.99895107 both 151 S_stop
1201  61.17680983 -149.99818221 both 152 S_stop
1201  61.17650728 -149.99801247 both 153 S_stop
1201  61.17690100 -149.99510514 both 154 S_stop
1201  61.17287595 -149.99598518 both 155 S_stop
1201  61.19159189 -150.00291795 both 156 S_stop
1201  61.19170888 -150.00201806 both 157 S_stop
1201  61.19252067 -149.99577965 both 158 S_stop
1201  61.19527897 -150.01040506 both 159 S_stop
1201  61.19604828 -150.00390270 both 160 S_stop
1201  61.19706870 -149.99610993 both 161 S_start
1201  61.19699025 -149.99672380 both 162 S_start
1201  61.19661927 -149.99955671 both 163 S_start
1201  61.19625427 -150.00231255 both 164 S_start
1201  61.19850284 -150.00544942 both 165 _stop
1201  61.16980892 -149.94830286 both 166 R_stop
1201  61.16976300 -150.00833100 both 167 R_start
1201  61.16976267 -150.00811442 both 168 R_start
1201  61.16900671 -150.00811338 both 169 R_start
1201  61.16860028 -150.00811991 both 170 R_start
1201  61.16976164 -150.00750401 both 171 R_start
1201  61.16977199 -150.00075280 both 172 R_start
1201  61.16977384 -149.99910814 both 173 R_start
1201  61.16977382 -149.99424259 both 174 R_start
1201  61.16910211 -149.99386485 both 175 R_start
1201  61.16860047 -149.99358667 both 176 R_start
1201  61.16977480 -149.99300320 both 177 R_start
1201  61.16980871 -149.94993826 both 178 R_start
1201  61.16787836 -149.97265062 both 179 R_stop
1201  61.16780725 -150.04288770 both 180 R_start
1201  61.16781701 -150.03324797 both 181 R_start
1201  61.16784245 -150.00811836 both 182 R_start
1201  61.16785301 -149.99768615 both 183 R_start
1201  61.16861547 -149.99501153 both 184 R_start
1201  61.16940031 -149.99755674 both 185 R_stop
1201  61.19946396 -150.01438201 both 186 R_start
1201  61.19892211 -150.01406828 both 187 R_start
1201  61.19508012 -150.01192481 both 188 R_start
1201  61.19488739 -150.01345041 both 189 R_start
1201  61.19073339 -150.00949493 both 190 R_start
1201  61.19053787 -150.01100873 both 191 R_start
1201  61.18639641 -150.00707079 both 192 R_start
1201  61.17982956 -150.00340564 both 193 R_start
1201  61.17707601 -150.00186803 both 194 R_start
1201  61.17287691 -149.99950792 both 195 R_start
1201  61.17287452 -149.99788361 both 196 R_start
1201  61.17124150 -149.99860994 both 197 R_start
1201  61.17124271 -149.99695465 both 198 R_start
1201  61.18619906 -150.00859260 both 199 R_start
1201  61.18659532 -150.00552651 both 200 R_start
1201  61.19093744 -150.00793435 both 201 R_start
1201  61.19912267 -150.01256586 both 202 R_start
1201  61.17036059 -149.99811803 both 203 R_start
1201  61.16977113 -149.99776427 both 204 R_start
1201  61.16977384 -149.99638207 both 205 R_start
1201  61.16785759 -149.99316993 both 206 R_stop
1201  61.16786432 -149.98652043 both 207 R_stop
1201  61.16708490 -149.98593300 both 208 R_stop
1201  61.16619787 -149.98525988 both 209 R_stop
1201  61.16551565 -149.98473443 both 210 R_stop
1201  61.16482649 -149.98421254 both 211 R_stop
1201  61.16412782 -149.98368920 both 212 R_stop
1201  61.16389384 -149.98350625 both 213 R_stop
1201  61.16272372 -149.98262013 both 214 R_stop
1201  61.16258693 -149.98251653 both 215 R_stop
1201  61.16212032 -149.98216318 both 216 R_stop
1201  61.16107366 -149.98137055 both 217 R_stop
1201  61.16786640 -149.98446776 both 218 R_stop
1201  61.16787598 -149.97500568 both 219 R_stop
1201  61.16807326 -149.98462513 both 220 R_stop
1201  61.16862681 -149.98504734 both 221 R_stop
1201  61.16902001 -149.98534524 both 222 R_stop
1201  61.19936602 -150.01081977 both 223 R_start
1201  61.19791914 -150.01000974 both 224 R_start
1201  61.17052169 -149.99466329 both 225 R_start
1201  61.17328368 -149.97554200 both 226 N_stop
1201  61.17289532 -149.97764968 both 227 N_start
1202 92 0 twoway taxiway_E 
1202 65 1 twoway taxiway_B 
1202 3 2 oneway taxiway_B 
1202 89 3 oneway taxiway_B 
1202 210 4 twoway taxiway_B 
1202 6 5 twoway taxiway_B 
1202 211 6 twoway taxiway_B 
1202 213 7 twoway taxiway_C 
1202 214 8 oneway taxiway_C 
1202 9 215 oneway taxiway_B 
1202 10 9 oneway taxiway_B 
1202 212 10 oneway taxiway_B 
1202 11 217 oneway taxiway_B 
1202 12 11 oneway taxiway_B 
1202 216 12 oneway taxiway_B 
1202 14 13 twoway taxiway_C 
1202 217 14 twoway taxiway_C 
1202 103 15 twoway taxiway_C 
1202 17 16 twoway taxiway_B 
1202 111 17 twoway taxiway_B 
1202 18 23 oneway taxiway_C 
1202 25 19 oneway taxiway_C 
1202 20 110 twoway taxiway_B 
1202 22 21 twoway taxiway_B 
1202 108 22 twoway taxiway_B 
1202 25 23 twoway taxiway_C 
1202 24 25 twoway taxiway_C 
1202 107 24 twoway taxiway_C 
1202 105 26 twoway taxiway_B 
1202 28 27 twoway taxiway_F 
1202 29 28 twoway taxiway_F 
1202 30 29 twoway taxiway_F 
1202 117 30 twoway taxiway_F 
1202 31 80 twoway taxiway_B 
1202 32 83 twoway taxiway_B 
1202 33 82 twoway taxiway_B 
1202 34 81 twoway taxiway_B 
1202 36 35 twoway taxiway_F 
1202 72 36 twoway taxiway_F 
1202 109 112 twoway taxiway_F B
1202 112 115 twoway taxiway_F B
1204 departure 07L,25R
1204 arrival 07L,25R
1202 42 37 twoway taxiway_C C
1202 43 38 twoway taxiway_C C
1202 40 39 twoway taxiway_C C
1202 41 42 twoway taxiway_C C
1202 42 43 twoway taxiway_C C
1202 43 40 twoway taxiway_C C
1202 44 45 twoway taxiway_C C
1204 departure 07R,25L
1204 arrival 07R,25L
1202 45 41 twoway taxiway_C C
1202 49 50 twoway taxiway_F C
1204 departure 07R,25L
1204 arrival 07R,25L
1202 50 44 twoway taxiway_C C
1204 departure 07R,25L
1204 arrival 07R,25L
1202 46 47 twoway taxiway_F C
1204 departure 07L,25R
1204 arrival 07L,25R
1202 47 48 twoway taxiway_F C
1202 48 49 twoway taxiway_F C
1204 departure 07R,25L
1204 arrival 07R,25L
1202 49 219 twoway taxiway_F C
1204 departure 07R,25L
1204 arrival 07R,25L
1202 106 113 twoway taxiway_F C
1202 113 114 twoway taxiway_F C
1204 departure 07L,25R
1204 arrival 07L,25R
1202 114 46 twoway taxiway_F C
1204 departure 07L,25R
1204 arrival 07L,25R
1202 54 151 twoway taxiway_F M
1202 51 152 twoway taxiway_F M
1202 52 53 twoway taxiway_F M
1204 departure 15,33
1204 arrival 15,33
1202 53 54 twoway taxiway_F M
1202 54 51 twoway taxiway_F M
1202 193 52 twoway taxiway_F M
1204 departure 15,33
1204 arrival 15,33
1202 56 74 twoway taxiway_F M
1202 153 154 twoway taxiway_F M
1202 154 55 twoway taxiway_F G1
1202 58 154 twoway taxiway_F G1
1202 154 56 twoway taxiway_F M
1202 57 58 twoway taxiway_F G1
1202 58 56 twoway taxiway_F G1
1202 120 57 twoway taxiway_F G1
1202 57 86 twoway taxiway_F L
1202 131 132 twoway taxiway_F L
1202 132 195 twoway taxiway_F L
1204 departure 15,33
1204 arrival 15,33
1202 195 196 twoway taxiway_F L
1204 departure 15,33
1204 arrival 15,33
1202 196 155 twoway taxiway_F L
1202 155 57 twoway taxiway_F L
1202 59 84 twoway taxiway_F D
1202 60 59 twoway taxiway_F D
1204 departure 07L,25R
1204 arrival 07L,25R
1202 61 77 twoway taxiway_F D
1204 departure 07L,25R
1204 arrival 07L,25R
1202 77 60 twoway taxiway_F D
1204 departure 07L,25R
1204 arrival 07L,25R
1202 62 63 twoway taxiway_F D
1204 departure 07R,25L
1204 arrival 07R,25L
1202 63 64 twoway taxiway_F D
1204 departure 07R,25L
1204 arrival 07R,25L
1202 64 61 twoway taxiway_F D
1204 departure 07L,25R
1204 arrival 07L,25R
1202 220 62 twoway taxiway_F D
1204 departure 07R,25L
1204 arrival 07R,25L
1202 207 220 twoway taxiway_F D
1204 departure 07R,25L
1204 arrival 07R,25L
1202 66 65 twoway taxiway_C Z
1202 67 66 twoway taxiway_C Z
1202 68 67 twoway taxiway_C Z
1202 90 209 twoway taxiway_C Z
1202 209 68 twoway taxiway_C Z
1202 207 208 twoway taxiway_C F
1204 departure 07R,25L
1204 arrival 07R,25L
1202 208 209 twoway taxiway_C F
1202 209 88 twoway taxiway_C F
1202 88 210 twoway taxiway_C F
1202 210 211 twoway taxiway_C F
1202 211 212 twoway taxiway_C F
1202 212 213 twoway taxiway_C F
1202 213 214 twoway taxiway_C F
1202 214 215 twoway taxiway_C F
1202 215 216 twoway taxiway_C F
1202 216 217 twoway taxiway_C F
1202 217 69 twoway taxiway_C F
1202 71 72 twoway taxiway_F E
1202 72 70 twoway taxiway_F E
1202 73 74 twoway taxiway_F E
1202 74 71 twoway taxiway_F E
1202 75 218 twoway taxiway_C E
1204 departure 07R,25L
1204 arrival 07R,25L
1202 218 220 twoway taxiway_F E
1204 departure 07R,25L
1204 arrival 07R,25L
1202 220 221 twoway taxiway_F E
1204 departure 07R,25L
1204 arrival 07R,25L
1202 221 222 twoway taxiway_F E
1202 222 76 twoway taxiway_F E
1204 departure 07L,25R
1204 arrival 07L,25R
1202 76 78 twoway taxiway_F E
1204 departure 07L,25R
1204 arrival 07L,25R
1202 78 79 twoway taxiway_F E
1202 79 85 twoway taxiway_F E
1202 85 86 twoway taxiway_F E
1202 86 91 twoway taxiway_F E
1202 91 73 twoway taxiway_F E
1202 87 75 twoway taxiway_C E
1202 88 89 twoway taxiway_C E
1202 89 90 twoway taxiway_C E
1202 90 87 twoway taxiway_C E
1202 92 91 twoway taxiway_E G
1202 93 92 twoway taxiway_E G
1202 94 85 twoway taxiway_F G
1202 85 93 twoway taxiway_F G
1202 120 94 twoway taxiway_F G
1202 95 96 twoway taxiway_F G
1204 departure 07L,25R
1204 arrival 07L,25R
1202 96 120 twoway taxiway_F G
1202 97 175 twoway taxiway_F G
1202 175 177 twoway taxiway_F G
1204 departure 07L,25R
1204 arrival 07L,25R
1202 177 95 twoway taxiway_F G
1204 departure 07L,25R
1204 arrival 07L,25R
1202 183 184 twoway taxiway_F G
1204 departure 07R,25L
1204 arrival 07R,25L
1202 184 97 twoway taxiway_F G
1204 departure 07R,25L
1204 arrival 07R,25L
1202 98 181 twoway taxiway_F J
1204 departure 07R,25L
1204 arrival 07R,25L
1202 99 98 twoway taxiway_F J
1204 departure 07R,25L
1204 arrival 07R,25L
1202 100 99 twoway taxiway_F J
1202 121 100 twoway taxiway_F J
1202 101 168 twoway taxiway_F H
1204 departure 07L,25R
1204 arrival 07L,25R
1202 168 169 twoway taxiway_F H
1204 departure 07L,25R
1204 arrival 07L,25R
1202 169 170 twoway taxiway_F H
1202 170 182 twoway taxiway_F H
1204 departure 07R,25L
1204 arrival 07R,25L
1202 101 171 twoway taxiway_F H
1204 departure 07L,25R
1204 arrival 07L,25R
1202 122 123 twoway taxiway_F H
1202 123 101 twoway taxiway_F H
1204 departure 07L,25R
1204 arrival 07L,25R
1202 102 178 twoway taxiway_F A
1204 departure 07L,25R
1204 arrival 07L,25R
1202 103 102 twoway taxiway_F A
1202 104 105 twoway taxiway_F K
1202 105 106 twoway taxiway_F K
1202 106 107 twoway taxiway_F K
1202 107 108 twoway taxiway_F K
1202 108 109 twoway taxiway_F K
1202 109 110 twoway taxiway_F K
1202 110 111 twoway taxiway_F K
1202 111 103 twoway taxiway_F K
1202 116 117 twoway taxiway_F K
1202 117 104 twoway taxiway_F K
1202 118 79 twoway taxiway_F K
1202 79 80 twoway taxiway_F K
1202 80 81 twoway taxiway_F K
1202 81 82 twoway taxiway_F K
1202 82 83 twoway taxiway_F K
1202 83 84 twoway taxiway_F K
1202 84 116 twoway taxiway_F K
1202 119 120 twoway taxiway_F K
1202 120 118 twoway taxiway_F K
1202 121 122 twoway taxiway_F K
1202 122 124 twoway taxiway_F K
1202 124 133 twoway taxiway_F K
1202 133 135 twoway taxiway_F K
1202 135 197 twoway taxiway_F K
1204 departure 15,33
1204 arrival 15,33
1202 197 198 twoway taxiway_F K
1204 departure 15,33
1204 arrival 15,33
1202 198 125 twoway taxiway_F K
1202 125 119 twoway taxiway_F K
1202 136 129 twoway taxiway_F W
1202 130 136 twoway taxiway_F W
1202 136 194 twoway taxiway_F W
1204 departure 15,33
1204 arrival 15,33
1202 192 199 twoway taxiway_F U
1204 departure 15,33
1204 arrival 15,33
1202 199 128 twoway taxiway_F U
1202 190 191 twoway taxiway_F T
1204 departure 15,33
1204 arrival 15,33
1202 191 127 twoway taxiway_F T
1202 126 127 twoway taxiway_F Y
1202 127 128 twoway taxiway_F Y
1202 128 129 twoway taxiway_F Y
1202 129 130 twoway taxiway_F Y
1202 130 131 twoway taxiway_F Y
1202 131 133 twoway taxiway_F Y
1202 133 134 twoway taxiway_F Y
1202 134 172 twoway taxiway_F Y
1204 departure 07L,25R
1204 arrival 07L,25R
1202 188 189 twoway taxiway_F Y
1204 departure 15,33
1204 arrival 15,33
1202 189 126 twoway taxiway_F Y
1202 150 137 twoway taxiway_F P
1202 192 200 twoway taxiway_F U
1204 departure 15,33
1204 arrival 15,33
1202 200 149 twoway taxiway_F U
1202 149 139 twoway taxiway_F U
1202 139 138 twoway taxiway_F U
1202 157 139 twoway taxiway_F 
1202 158 140 twoway taxiway_F 
1202 156 141 twoway taxiway_F 
1202 190 201 twoway taxiway_F T
1204 departure 15,33
1204 arrival 15,33
1202 201 148 twoway taxiway_F T
1202 148 156 twoway taxiway_F T
1202 156 157 twoway taxiway_F T
1202 157 158 twoway taxiway_F T
1202 158 142 twoway taxiway_F T
1202 143 163 twoway taxiway_B 
1202 144 143 twoway taxiway_B 
1202 145 144 twoway taxiway_B 
1202 162 145 twoway taxiway_B 
1202 146 147 twoway taxiway_F S
1202 147 159 twoway taxiway_F S
1202 159 188 twoway taxiway_F S
1204 departure 15,33
1204 arrival 15,33
1202 160 146 twoway taxiway_F S
1202 161 162 twoway taxiway_C S
1202 162 163 twoway taxiway_C S
1202 163 164 twoway taxiway_C S
1202 164 160 twoway taxiway_F S
1202 224 165 twoway taxiway_F 
1202 187 202 twoway taxiway_F Q
1204 departure 15,33
1204 arrival 15,33
1202 202 223 twoway taxiway_F Q
1202 167 168 twoway runway 07L/25R
1204 departure 07L,25R
1204 arrival 07L,25R
1204 ils 07L,25R
1202 168 171 twoway runway 07L/25R
1204 departure 07L,25R
1204 arrival 07L,25R
1204 ils 07L,25R
1202 171 172 twoway runway 07L/25R
1204 departure 07L,25R
1204 arrival 07L,25R
1204 ils 07L,25R
1202 172 173 twoway runway 07L/25R
1204 departure 07L,25R
1204 arrival 07L,25R
1204 ils 07L,25R
1202 173 204 twoway runway 07L/25R
1204 departure 07L,15,25R,33
1204 arrival 07L,15,25R,33
1204 ils 07L,25R
1202 204 205 twoway runway 07L/25R
1204 departure 07L,15,25R,33
1204 arrival 07L,15,25R,33
1204 ils 07L,25R
1202 205 174 twoway runway 07L/25R
1204 departure 07L,25R
1204 arrival 07L,25R
1204 ils 07L,25R
1202 174 177 twoway runway 07L/25R
1204 departure 07L,25R
1204 arrival 07L,25R
1204 ils 07L,25R
1202 177 76 twoway runway 07L/25R
1204 departure 07L,25R
1204 arrival 07L,25R
1204 ils 07L,25R
1202 76 77 twoway runway 07L/25R
1204 departure 07L,25R
1204 arrival 07L,25R
1204 ils 07L,25R
1202 77 114 twoway runway 07L/25R
1204 departure 07L,25R
1204 arrival 07L,25R
1204 ils 07L,25R
1202 114 115 twoway runway 07L/25R
1204 departure 07L,25R
1204 arrival 07L,25R
1204 ils 07L,25R
1202 115 178 twoway runway 07L/25R
1204 departure 07L,25R
1204 arrival 07L,25R
1204 ils 07L,25R
1202 178 166 twoway runway 07L/25R
1204 departure 07L,25R
1204 arrival 07L,25R
1204 ils 07L,25R
1202 180 181 twoway runway 07R/25L
1204 departure 07R,25L
1204 arrival 07R,25L
1204 ils 07R,25L
1202 181 182 twoway runway 07R/25L
1204 departure 07R,25L
1204 arrival 07R,25L
1204 ils 07R,25L
1202 182 183 twoway runway 07R/25L
1204 departure 07R,25L
1204 arrival 07R,25L
1204 ils 07R,25L
1202 183 206 twoway runway 07R/25L
1204 departure 07R,25L
1204 arrival 07R,25L
1204 ils 07R,25L
1202 206 207 twoway runway 07R/25L
1204 departure 07R,25L
1204 arrival 07R,25L
1204 ils 07R,25L
1202 207 218 twoway runway 07R/25L
1204 departure 07R,25L
1204 arrival 07R,25L
1204 ils 07R,25L
1202 218 219 twoway runway 07R/25L
1204 departure 07R,25L
1204 arrival 07R,25L
1204 ils 07R,25L
1202 219 50 twoway runway 07R/25L
1204 departure 07R,25L
1204 arrival 07R,25L
1204 ils 07R,25L
1202 50 179 twoway runway 07R/25L
1204 departure 07R,25L
1204 arrival 07R,25L
1204 ils 07R,25L
1202 186 187 twoway runway 15/33
1204 departure 15,33
1204 arrival 15,33
1204 ils 15,33
1202 187 188 twoway runway 15/33
1204 departure 15,33
1204 arrival 15,33
1204 ils 15,33
1202 188 190 twoway runway 15/33
1204 departure 15,33
1204 arrival 15,33
1204 ils 15,33
1202 190 192 twoway runway 15/33
1204 departure 15,33
1204 arrival 15,33
1204 ils 15,33
1202 192 193 twoway runway 15/33
1204 departure 15,33
1204 arrival 15,33
1204 ils 15,33
1202 193 194 twoway runway 15/33
1204 departure 15,33
1204 arrival 15,33
1204 ils 15,33
1202 194 195 twoway runway 15/33
1204 departure 15,33
1204 arrival 15,33
1204 ils 15,33
1202 195 197 twoway runway 15/33
1204 departure 15,33
1204 arrival 15,33
1204 ils 15,33
1202 197 203 twoway runway 15/33
1204 departure 15,33
1204 arrival 15,33
1204 ils 15,33
1202 203 204 twoway runway 15/33
1204 departure 07L,15,25R,33
1204 arrival 07L,15,25R,33
1204 ils 15,33
1202 204 185 twoway runway 15/33
1204 departure 07L,15,25R,33
1204 arrival 07L,15,25R,33
1204 ils 15,33
1202 223 224 twoway taxiway_E R
1202 224 147 twoway taxiway_E R
1202 147 148 twoway taxiway_E R
1202 148 149 twoway taxiway_E R
1202 149 150 twoway taxiway_E R
1202 150 151 twoway taxiway_E R
1202 151 152 twoway taxiway_E R
1202 152 153 twoway taxiway_E R
1202 153 155 twoway taxiway_E R
1202 155 125 twoway taxiway_E R
1202 125 225 twoway taxiway_E R
1202 225 174 twoway taxiway_E R
1204 departure 07L,07R,25L,25R
1204 arrival 07L,07R,25L,25R
1202 174 175 twoway taxiway_E R
1204 departure 07L,07R,25L,25R
1204 arrival 07L,07R,25L,25R
1202 175 176 twoway taxiway_E R
1202 176 206 twoway taxiway_E R
1204 departure 07L,07R,25L,25R
1204 arrival 07L,07R,25L,25R
1206 227 226 twoway  N
1400  61.17275895 -149.97828320  6.84 pushback 0 New Service Truck 3
99
